"Year","Variable","Municipio","GeoCode","Value"
2020,"Tasa de paro",,,26.47
2020,"Tasa de paro","Abla","04001",20.03
2020,"Tasa de paro","Abrucena","04002",22.46
2020,"Tasa de paro","Adra","04003",21.87
2020,"Tasa de paro","Albanchez","04004",16.53
2020,"Tasa de paro","Alboloduy","04005",18.43
2020,"Tasa de paro","Albox","04006",20.17
2020,"Tasa de paro","Alcolea","04007",26.17
2020,"Tasa de paro","Alcóntar","04008",14.13
2020,"Tasa de paro","Alcudia de Monteagud","04009",12.96
2020,"Tasa de paro","Alhabia","04010",27.06
2020,"Tasa de paro","Alhama de Almería","04011",23.82
2020,"Tasa de paro","Alicún","04012",26.92
2020,"Tasa de paro","Almería","04013",25.27
2020,"Tasa de paro","Almócita","04014",17.23
2020,"Tasa de paro","Alsodux","04015",18.08
2020,"Tasa de paro","Antas","04016",12.88
2020,"Tasa de paro","Arboleas","04017",19.03
2020,"Tasa de paro","Armuña de Almanzora","04018",14.04
2020,"Tasa de paro","Bacares","04019",19.21
2020,"Tasa de paro","Bayárcal","04020",16.08
2020,"Tasa de paro","Bayarque","04021",17.61
2020,"Tasa de paro","Bédar","04022",20.11
2020,"Tasa de paro","Beires","04023",21.31
2020,"Tasa de paro","Benahadux","04024",20.81
2020,"Tasa de paro","Benitagla","04026",9.78
2020,"Tasa de paro","Benizalón","04027",17.69
2020,"Tasa de paro","Bentarique","04028",24.51
2020,"Tasa de paro","Berja","04029",23.48
2020,"Tasa de paro","Canjáyar","04030",29.41
2020,"Tasa de paro","Cantoria","04031",20.71
2020,"Tasa de paro","Carboneras","04032",23.05
2020,"Tasa de paro","Castro de Filabres","04033",11.19
2020,"Tasa de paro","Cóbdar","04034",17.18
2020,"Tasa de paro","Cuevas del Almanzora","04035",19.41
2020,"Tasa de paro","Chercos","04036",19.34
2020,"Tasa de paro","Chirivel","04037",15.27
2020,"Tasa de paro","Dalías","04038",15.64
2020,"Tasa de paro","Enix","04041",11.55
2020,"Tasa de paro","Felix","04043",14.46
2020,"Tasa de paro","Fines","04044",21.42
2020,"Tasa de paro","Fiñana","04045",25
2020,"Tasa de paro","Fondón","04046",18.22
2020,"Tasa de paro","Gádor","04047",30.44
2020,"Tasa de paro","Gallardos, Los","04048",17.15
2020,"Tasa de paro","Garrucha","04049",26.71
2020,"Tasa de paro","Gérgal","04050",22.38
2020,"Tasa de paro","Huécija","04051",15.22
2020,"Tasa de paro","Huércal de Almería","04052",20.47
2020,"Tasa de paro","Huércal-Overa","04053",17.95
2020,"Tasa de paro","Íllar","04054",20.84
2020,"Tasa de paro","Instinción","04055",20.05
2020,"Tasa de paro","Laroya","04056",16.99
2020,"Tasa de paro","Láujar de Andarax","04057",21.11
2020,"Tasa de paro","Líjar","04058",22.88
2020,"Tasa de paro","Lubrín","04059",18.78
2020,"Tasa de paro","Lucainena de las Torres","04060",22.32
2020,"Tasa de paro","Lúcar","04061",22.84
2020,"Tasa de paro","Macael","04062",22.37
2020,"Tasa de paro","María","04063",14.81
2020,"Tasa de paro","Mojácar","04064",21.38
2020,"Tasa de paro","Nacimiento","04065",17.12
2020,"Tasa de paro","Níjar","04066",16.98
2020,"Tasa de paro","Ohanes","04067",28.34
2020,"Tasa de paro","Olula de Castro","04068",12.94
2020,"Tasa de paro","Olula del Río","04069",25.7
2020,"Tasa de paro","Oria","04070",16.06
2020,"Tasa de paro","Padules","04071",20.14
2020,"Tasa de paro","Partaloa","04072",16.81
2020,"Tasa de paro","Paterna del Río","04073",22.47
2020,"Tasa de paro","Pechina","04074",28.35
2020,"Tasa de paro","Pulpí","04075",9.24
2020,"Tasa de paro","Purchena","04076",20.6
2020,"Tasa de paro","Rágol","04077",19.21
2020,"Tasa de paro","Rioja","04078",32.05
2020,"Tasa de paro","Roquetas de Mar","04079",22.06
2020,"Tasa de paro","Santa Cruz de Marchena","04080",21.57
2020,"Tasa de paro","Santa Fe de Mondújar","04081",30.52
2020,"Tasa de paro","Senés","04082",22.07
2020,"Tasa de paro","Serón","04083",17.09
2020,"Tasa de paro","Sierro","04084",25.35
2020,"Tasa de paro","Somontín","04085",18.06
2020,"Tasa de paro","Sorbas","04086",24.15
2020,"Tasa de paro","Suflí","04087",26.15
2020,"Tasa de paro","Tabernas","04088",26.05
2020,"Tasa de paro","Taberno","04089",19.31
2020,"Tasa de paro","Tahal","04090",14.42
2020,"Tasa de paro","Terque","04091",24.71
2020,"Tasa de paro","Tíjola","04092",19.21
2020,"Tasa de paro","Turre","04093",28.82
2020,"Tasa de paro","Turrillas","04094",17.77
2020,"Tasa de paro","Uleila del Campo","04095",20.46
2020,"Tasa de paro","Urrácal","04096",20.06
2020,"Tasa de paro","Velefique","04097",19.28
2020,"Tasa de paro","Vélez-Blanco","04098",17.88
2020,"Tasa de paro","Vélez-Rubio","04099",20.23
2020,"Tasa de paro","Vera","04100",23.65
2020,"Tasa de paro","Viator","04101",22.96
2020,"Tasa de paro","Vícar","04102",20.15
2020,"Tasa de paro","Zurgena","04103",22.25
2020,"Tasa de paro","Tres Villas, Las","04901",21.28
2020,"Tasa de paro","Ejido, El","04902",16.67
2020,"Tasa de paro","Mojonera, La","04903",15.82
2020,"Tasa de paro","Balanegra","04904",13.76
2020,"Tasa de paro","Alcalá de los Gazules","11001",34.67
2020,"Tasa de paro","Alcalá del Valle","11002",29.39
2020,"Tasa de paro","Algar","11003",30.25
2020,"Tasa de paro","Algeciras","11004",32.74
2020,"Tasa de paro","Algodonales","11005",29.68
2020,"Tasa de paro","Arcos de la Frontera","11006",40.59
2020,"Tasa de paro","Barbate","11007",44.25
2020,"Tasa de paro","Barrios, Los","11008",28.28
2020,"Tasa de paro","Benaocaz","11009",25.75
2020,"Tasa de paro","Bornos","11010",33.69
2020,"Tasa de paro","Bosque, El","11011",28.85
2020,"Tasa de paro","Cádiz","11012",31.3
2020,"Tasa de paro","Castellar de la Frontera","11013",28.35
2020,"Tasa de paro","Conil de la Frontera","11014",30.28
2020,"Tasa de paro","Chiclana de la Frontera","11015",35.68
2020,"Tasa de paro","Chipiona","11016",36.6
2020,"Tasa de paro","Espera","11017",31.25
2020,"Tasa de paro","Gastor, El","11018",27.68
2020,"Tasa de paro","Grazalema","11019",29.64
2020,"Tasa de paro","Jerez de la Frontera","11020",34.62
2020,"Tasa de paro","Jimena de la Frontera","11021",29.32
2020,"Tasa de paro","Línea de la Concepción, La","11022",43.16
2020,"Tasa de paro","Medina Sidonia","11023",34.14
2020,"Tasa de paro","Olvera","11024",25.79
2020,"Tasa de paro","Paterna de Rivera","11025",37.82
2020,"Tasa de paro","Prado del Rey","11026",37.09
2020,"Tasa de paro","Puerto de Santa María, El","11027",32.81
2020,"Tasa de paro","Puerto Real","11028",32.59
2020,"Tasa de paro","Puerto Serrano","11029",24.71
2020,"Tasa de paro","Rota","11030",29.91
2020,"Tasa de paro","San Fernando","11031",35.16
2020,"Tasa de paro","Sanlúcar de Barrameda","11032",34.48
2020,"Tasa de paro","San Roque","11033",31.52
2020,"Tasa de paro","Setenil de las Bodegas","11034",23.59
2020,"Tasa de paro","Tarifa","11035",30.62
2020,"Tasa de paro","Torre Alháquime","11036",29.1
2020,"Tasa de paro","Trebujena","11037",26.77
2020,"Tasa de paro","Ubrique","11038",32.43
2020,"Tasa de paro","Vejer de la Frontera","11039",36.74
2020,"Tasa de paro","Villaluenga del Rosario","11040",20.5
2020,"Tasa de paro","Villamartín","11041",34.2
2020,"Tasa de paro","Zahara","11042",26.58
2020,"Tasa de paro","Benalup-Casas Viejas","11901",32.07
2020,"Tasa de paro","San José del Valle","11902",31.95
2020,"Tasa de paro","San Martín del Tesorillo","11903",
2020,"Tasa de paro","Adamuz","14001",20.68
2020,"Tasa de paro","Aguilar de la Frontera","14002",23.79
2020,"Tasa de paro","Alcaracejos","14003",25.66
2020,"Tasa de paro","Almedinilla","14004",19.68
2020,"Tasa de paro","Almodóvar del Río","14005",31.13
2020,"Tasa de paro","Añora","14006",24.28
2020,"Tasa de paro","Baena","14007",23.54
2020,"Tasa de paro","Belalcázar","14008",33.28
2020,"Tasa de paro","Belmez","14009",42.92
2020,"Tasa de paro","Benamejí","14010",23.64
2020,"Tasa de paro","Blázquez, Los","14011",33.59
2020,"Tasa de paro","Bujalance","14012",24.65
2020,"Tasa de paro","Cabra","14013",24.09
2020,"Tasa de paro","Cañete de las Torres","14014",21.03
2020,"Tasa de paro","Carcabuey","14015",18.79
2020,"Tasa de paro","Cardeña","14016",23.16
2020,"Tasa de paro","Carlota, La","14017",23.33
2020,"Tasa de paro","Carpio, El","14018",27.68
2020,"Tasa de paro","Castro del Río","14019",20.79
2020,"Tasa de paro","Conquista","14020",24.33
2020,"Tasa de paro","Córdoba","14021",28.06
2020,"Tasa de paro","Doña Mencía","14022",22.42
2020,"Tasa de paro","Dos Torres","14023",22.52
2020,"Tasa de paro","Encinas Reales","14024",25.01
2020,"Tasa de paro","Espejo","14025",19.65
2020,"Tasa de paro","Espiel","14026",27.01
2020,"Tasa de paro","Fernán-Núñez","14027",23.16
2020,"Tasa de paro","Fuente la Lancha","14028",38.5
2020,"Tasa de paro","Fuente Obejuna","14029",36.42
2020,"Tasa de paro","Fuente Palmera","14030",20.6
2020,"Tasa de paro","Fuente-Tójar","14031",22.06
2020,"Tasa de paro","Granjuela, La","14032",38.71
2020,"Tasa de paro","Guadalcázar","14033",24.7
2020,"Tasa de paro","Guijo, El","14034",21.19
2020,"Tasa de paro","Hinojosa del Duque","14035",30.9
2020,"Tasa de paro","Hornachuelos","14036",22.79
2020,"Tasa de paro","Iznájar","14037",18.71
2020,"Tasa de paro","Lucena","14038",26.6
2020,"Tasa de paro","Luque","14039",23.39
2020,"Tasa de paro","Montalbán de Córdoba","14040",13.65
2020,"Tasa de paro","Montemayor","14041",21.91
2020,"Tasa de paro","Montilla","14042",22.57
2020,"Tasa de paro","Montoro","14043",24.2
2020,"Tasa de paro","Monturque","14044",21.21
2020,"Tasa de paro","Moriles","14045",23.21
2020,"Tasa de paro","Nueva Carteya","14046",20.36
2020,"Tasa de paro","Obejo","14047",29.44
2020,"Tasa de paro","Palenciana","14048",21.63
2020,"Tasa de paro","Palma del Río","14049",24.49
2020,"Tasa de paro","Pedro Abad","14050",26.39
2020,"Tasa de paro","Pedroche","14051",25.95
2020,"Tasa de paro","Peñarroya-Pueblonuevo","14052",40.82
2020,"Tasa de paro","Posadas","14053",24.08
2020,"Tasa de paro","Pozoblanco","14054",21.6
2020,"Tasa de paro","Priego de Córdoba","14055",23.87
2020,"Tasa de paro","Puente Genil","14056",27.93
2020,"Tasa de paro","Rambla, La","14057",16.76
2020,"Tasa de paro","Rute","14058",19.22
2020,"Tasa de paro","San Sebastián de los Ballesteros","14059",21.66
2020,"Tasa de paro","Santaella","14060",19.59
2020,"Tasa de paro","Santa Eufemia","14061",26.92
2020,"Tasa de paro","Torrecampo","14062",21.94
2020,"Tasa de paro","Valenzuela","14063",19.16
2020,"Tasa de paro","Valsequillo","14064",28.04
2020,"Tasa de paro","Victoria, La","14065",24
2020,"Tasa de paro","Villa del Río","14066",25.49
2020,"Tasa de paro","Villafranca de Córdoba","14067",24.67
2020,"Tasa de paro","Villaharta","14068",33.73
2020,"Tasa de paro","Villanueva de Córdoba","14069",21.77
2020,"Tasa de paro","Villanueva del Duque","14070",24.37
2020,"Tasa de paro","Villanueva del Rey","14071",31.37
2020,"Tasa de paro","Villaralto","14072",23.51
2020,"Tasa de paro","Villaviciosa de Córdoba","14073",28.21
2020,"Tasa de paro","Viso, El","14074",25.39
2020,"Tasa de paro","Zuheros","14075",24.38
2020,"Tasa de paro","Fuente Carreteros","14901",
2020,"Tasa de paro","Guijarrosa, La","14902",
2020,"Tasa de paro","Agrón","18001",32.97
2020,"Tasa de paro","Alamedilla","18002",26.63
2020,"Tasa de paro","Albolote","18003",23.5
2020,"Tasa de paro","Albondón","18004",22.84
2020,"Tasa de paro","Albuñán","18005",21.35
2020,"Tasa de paro","Albuñol","18006",16.97
2020,"Tasa de paro","Albuñuelas","18007",27.15
2020,"Tasa de paro","Aldeire","18010",26.99
2020,"Tasa de paro","Alfacar","18011",24.7
2020,"Tasa de paro","Algarinejo","18012",24.28
2020,"Tasa de paro","Alhama de Granada","18013",17
2020,"Tasa de paro","Alhendín","18014",24.65
2020,"Tasa de paro","Alicún de Ortega","18015",24.91
2020,"Tasa de paro","Almegíjar","18016",22.05
2020,"Tasa de paro","Almuñécar","18017",29.32
2020,"Tasa de paro","Alquife","18018",22.65
2020,"Tasa de paro","Arenas del Rey","18020",25.92
2020,"Tasa de paro","Armilla","18021",26.82
2020,"Tasa de paro","Atarfe","18022",27.37
2020,"Tasa de paro","Baza","18023",21.81
2020,"Tasa de paro","Beas de Granada","18024",19.52
2020,"Tasa de paro","Beas de Guadix","18025",30.98
2020,"Tasa de paro","Benalúa","18027",34.58
2020,"Tasa de paro","Benalúa de las Villas","18028",17.21
2020,"Tasa de paro","Benamaurel","18029",23.77
2020,"Tasa de paro","Bérchules","18030",20.17
2020,"Tasa de paro","Bubión","18032",28.88
2020,"Tasa de paro","Busquístar","18033",31.55
2020,"Tasa de paro","Cacín","18034",21.84
2020,"Tasa de paro","Cádiar","18035",25.11
2020,"Tasa de paro","Cájar","18036",21.64
2020,"Tasa de paro","Calicasas","18037",23.26
2020,"Tasa de paro","Campotéjar","18038",19.47
2020,"Tasa de paro","Caniles","18039",21.66
2020,"Tasa de paro","Cáñar","18040",33.67
2020,"Tasa de paro","Capileira","18042",22.2
2020,"Tasa de paro","Carataunas","18043",33.89
2020,"Tasa de paro","Cástaras","18044",14.95
2020,"Tasa de paro","Castilléjar","18045",25.74
2020,"Tasa de paro","Castril","18046",22.97
2020,"Tasa de paro","Cenes de la Vega","18047",26.24
2020,"Tasa de paro","Cijuela","18048",25.36
2020,"Tasa de paro","Cogollos de Guadix","18049",27.3
2020,"Tasa de paro","Cogollos de la Vega","18050",26.26
2020,"Tasa de paro","Colomera","18051",23.63
2020,"Tasa de paro","Cortes de Baza","18053",27.6
2020,"Tasa de paro","Cortes y Graena","18054",25.84
2020,"Tasa de paro","Cúllar","18056",21.17
2020,"Tasa de paro","Cúllar Vega","18057",24.61
2020,"Tasa de paro","Chauchina","18059",24.54
2020,"Tasa de paro","Chimeneas","18061",25.46
2020,"Tasa de paro","Churriana de la Vega","18062",25.56
2020,"Tasa de paro","Darro","18063",32.5
2020,"Tasa de paro","Dehesas de Guadix","18064",20.12
2020,"Tasa de paro","Dehesas Viejas","18065",21.23
2020,"Tasa de paro","Deifontes","18066",28.26
2020,"Tasa de paro","Diezma","18067",26.25
2020,"Tasa de paro","Dílar","18068",23.07
2020,"Tasa de paro","Dólar","18069",18.32
2020,"Tasa de paro","Dúdar","18070",17.7
2020,"Tasa de paro","Dúrcal","18071",29.73
2020,"Tasa de paro","Escúzar","18072",25.62
2020,"Tasa de paro","Ferreira","18074",16.23
2020,"Tasa de paro","Fonelas","18076",28.51
2020,"Tasa de paro","Fornes","18077",
2020,"Tasa de paro","Freila","18078",23.13
2020,"Tasa de paro","Fuente Vaqueros","18079",32.77
2020,"Tasa de paro","Galera","18082",27.22
2020,"Tasa de paro","Gobernador","18083",18.95
2020,"Tasa de paro","Gójar","18084",23.19
2020,"Tasa de paro","Gor","18085",22.81
2020,"Tasa de paro","Gorafe","18086",36.43
2020,"Tasa de paro","Granada","18087",28.4
2020,"Tasa de paro","Guadahortuna","18088",33.26
2020,"Tasa de paro","Guadix","18089",24.99
2020,"Tasa de paro","Gualchos","18093",14.67
2020,"Tasa de paro","Güéjar Sierra","18094",23.1
2020,"Tasa de paro","Güevéjar","18095",29.01
2020,"Tasa de paro","Huélago","18096",29.15
2020,"Tasa de paro","Huéneja","18097",19.23
2020,"Tasa de paro","Huéscar","18098",23.03
2020,"Tasa de paro","Huétor de Santillán","18099",25.17
2020,"Tasa de paro","Huétor Tájar","18100",20.37
2020,"Tasa de paro","Huétor Vega","18101",22.04
2020,"Tasa de paro","Íllora","18102",24.24
2020,"Tasa de paro","Ítrabo","18103",23.16
2020,"Tasa de paro","Iznalloz","18105",30.57
2020,"Tasa de paro","Játar","18106",12.34
2020,"Tasa de paro","Jayena","18107",28.8
2020,"Tasa de paro","Jérez del Marquesado","18108",31.59
2020,"Tasa de paro","Jete","18109",19.64
2020,"Tasa de paro","Jun","18111",21.87
2020,"Tasa de paro","Juviles","18112",23.91
2020,"Tasa de paro","Calahorra, La","18114",27.77
2020,"Tasa de paro","Láchar","18115",27.12
2020,"Tasa de paro","Lanjarón","18116",31.2
2020,"Tasa de paro","Lanteira","18117",24.98
2020,"Tasa de paro","Lecrín","18119",22.84
2020,"Tasa de paro","Lentegí","18120",24.54
2020,"Tasa de paro","Lobras","18121",15.97
2020,"Tasa de paro","Loja","18122",23.57
2020,"Tasa de paro","Lugros","18123",18.32
2020,"Tasa de paro","Lújar","18124",11.95
2020,"Tasa de paro","Malahá, La","18126",26.83
2020,"Tasa de paro","Maracena","18127",25.5
2020,"Tasa de paro","Marchal","18128",29.86
2020,"Tasa de paro","Moclín","18132",23.8
2020,"Tasa de paro","Molvízar","18133",26.89
2020,"Tasa de paro","Monachil","18134",26.26
2020,"Tasa de paro","Montefrío","18135",19.5
2020,"Tasa de paro","Montejícar","18136",20.95
2020,"Tasa de paro","Montillana","18137",18.7
2020,"Tasa de paro","Moraleda de Zafayona","18138",20.57
2020,"Tasa de paro","Motril","18140",24.5
2020,"Tasa de paro","Murtas","18141",24.21
2020,"Tasa de paro","Nigüelas","18143",23.51
2020,"Tasa de paro","Nívar","18144",21.32
2020,"Tasa de paro","Ogíjares","18145",22.34
2020,"Tasa de paro","Orce","18146",22.33
2020,"Tasa de paro","Órgiva","18147",32.72
2020,"Tasa de paro","Otívar","18148",19.76
2020,"Tasa de paro","Villa de Otura","18149",24
2020,"Tasa de paro","Padul","18150",27.71
2020,"Tasa de paro","Pampaneira","18151",25.15
2020,"Tasa de paro","Pedro Martínez","18152",29.82
2020,"Tasa de paro","Peligros","18153",24.91
2020,"Tasa de paro","Peza, La","18154",27.3
2020,"Tasa de paro","Pinos Genil","18157",18.65
2020,"Tasa de paro","Pinos Puente","18158",36.41
2020,"Tasa de paro","Píñar","18159",23.54
2020,"Tasa de paro","Polícar","18161",18.05
2020,"Tasa de paro","Polopos","18162",15.05
2020,"Tasa de paro","Pórtugos","18163",21.6
2020,"Tasa de paro","Puebla de Don Fadrique","18164",20.74
2020,"Tasa de paro","Pulianas","18165",28.25
2020,"Tasa de paro","Purullena","18167",29.52
2020,"Tasa de paro","Quéntar","18168",30.08
2020,"Tasa de paro","Rubite","18170",22.36
2020,"Tasa de paro","Salar","18171",24.52
2020,"Tasa de paro","Salobreña","18173",28.53
2020,"Tasa de paro","Santa Cruz del Comercio","18174",17.63
2020,"Tasa de paro","Santa Fe","18175",32.31
2020,"Tasa de paro","Soportújar","18176",18.22
2020,"Tasa de paro","Sorvilán","18177",21.96
2020,"Tasa de paro","Torre-Cardela","18178",24.74
2020,"Tasa de paro","Torvizcón","18179",27.45
2020,"Tasa de paro","Trevélez","18180",20.36
2020,"Tasa de paro","Turón","18181",15.17
2020,"Tasa de paro","Ugíjar","18182",28.43
2020,"Tasa de paro","Válor","18183",26.94
2020,"Tasa de paro","Vélez de Benaudalla","18184",23.8
2020,"Tasa de paro","Ventas de Huelma","18185",24.68
2020,"Tasa de paro","Villanueva de las Torres","18187",35.16
2020,"Tasa de paro","Villanueva Mesía","18188",18.72
2020,"Tasa de paro","Víznar","18189",20.61
2020,"Tasa de paro","Zafarraya","18192",15.56
2020,"Tasa de paro","Zubia, La","18193",24.31
2020,"Tasa de paro","Zújar","18194",22.78
2020,"Tasa de paro","Taha, La","18901",31.3
2020,"Tasa de paro","Valle, El","18902",25.45
2020,"Tasa de paro","Nevada","18903",30.53
2020,"Tasa de paro","Alpujarra de la Sierra","18904",20.68
2020,"Tasa de paro","Gabias, Las","18905",26.73
2020,"Tasa de paro","Guájares, Los","18906",23.38
2020,"Tasa de paro","Valle del Zalabí","18907",19.68
2020,"Tasa de paro","Villamena","18908",26.27
2020,"Tasa de paro","Morelábor","18909",23.12
2020,"Tasa de paro","Pinar, El","18910",30.72
2020,"Tasa de paro","Vegas del Genil","18911",23.6
2020,"Tasa de paro","Cuevas del Campo","18912",23.5
2020,"Tasa de paro","Zagra","18913",20.57
2020,"Tasa de paro","Valderrubio","18914",23.24
2020,"Tasa de paro","Domingo Pérez de Granada","18915",26.26
2020,"Tasa de paro","Torrenueva Costa","18916",
2020,"Tasa de paro","Alájar","21001",34.04
2020,"Tasa de paro","Aljaraque","21002",20.28
2020,"Tasa de paro","Almendro, El","21003",23.52
2020,"Tasa de paro","Almonaster la Real","21004",22.04
2020,"Tasa de paro","Almonte","21005",25.07
2020,"Tasa de paro","Alosno","21006",28.62
2020,"Tasa de paro","Aracena","21007",24.93
2020,"Tasa de paro","Aroche","21008",24.57
2020,"Tasa de paro","Arroyomolinos de León","21009",34.01
2020,"Tasa de paro","Ayamonte","21010",26.13
2020,"Tasa de paro","Beas","21011",23.42
2020,"Tasa de paro","Berrocal","21012",17.27
2020,"Tasa de paro","Bollullos Par del Condado","21013",23.13
2020,"Tasa de paro","Bonares","21014",14.07
2020,"Tasa de paro","Cabezas Rubias","21015",27.67
2020,"Tasa de paro","Cala","21016",35.36
2020,"Tasa de paro","Calañas","21017",26.5
2020,"Tasa de paro","Campillo, El","21018",28.28
2020,"Tasa de paro","Campofrío","21019",25.85
2020,"Tasa de paro","Cañaveral de León","21020",31.85
2020,"Tasa de paro","Cartaya","21021",16.98
2020,"Tasa de paro","Castaño del Robledo","21022",37.7
2020,"Tasa de paro","Cerro de Andévalo, El","21023",25.09
2020,"Tasa de paro","Corteconcepción","21024",29.8
2020,"Tasa de paro","Cortegana","21025",27.58
2020,"Tasa de paro","Cortelazor","21026",33.94
2020,"Tasa de paro","Cumbres de Enmedio","21027",38.89
2020,"Tasa de paro","Cumbres de San Bartolomé","21028",27.72
2020,"Tasa de paro","Cumbres Mayores","21029",29.8
2020,"Tasa de paro","Chucena","21030",24.48
2020,"Tasa de paro","Encinasola","21031",27.52
2020,"Tasa de paro","Escacena del Campo","21032",21.19
2020,"Tasa de paro","Fuenteheridos","21033",32.71
2020,"Tasa de paro","Galaroza","21034",29.05
2020,"Tasa de paro","Gibraleón","21035",23.1
2020,"Tasa de paro","Granada de Río-Tinto, La","21036",29.62
2020,"Tasa de paro","Granado, El","21037",23.3
2020,"Tasa de paro","Higuera de la Sierra","21038",29.7
2020,"Tasa de paro","Hinojales","21039",29.67
2020,"Tasa de paro","Hinojos","21040",17.48
2020,"Tasa de paro","Huelva","21041",28.94
2020,"Tasa de paro","Isla Cristina","21042",31.3
2020,"Tasa de paro","Jabugo","21043",31.52
2020,"Tasa de paro","Lepe","21044",20.98
2020,"Tasa de paro","Linares de la Sierra","21045",28.73
2020,"Tasa de paro","Lucena del Puerto","21046",7.5
2020,"Tasa de paro","Manzanilla","21047",26.41
2020,"Tasa de paro","Marines, Los","21048",33.51
2020,"Tasa de paro","Minas de Riotinto","21049",25.81
2020,"Tasa de paro","Moguer","21050",14.75
2020,"Tasa de paro","Nava, La","21051",38.34
2020,"Tasa de paro","Nerva","21052",29.22
2020,"Tasa de paro","Niebla","21053",26.3
2020,"Tasa de paro","Palma del Condado, La","21054",23.81
2020,"Tasa de paro","Palos de la Frontera","21055",18.15
2020,"Tasa de paro","Paterna del Campo","21056",23.53
2020,"Tasa de paro","Paymogo","21057",28.2
2020,"Tasa de paro","Puebla de Guzmán","21058",26.33
2020,"Tasa de paro","Puerto Moral","21059",26.36
2020,"Tasa de paro","Punta Umbría","21060",28.71
2020,"Tasa de paro","Rociana del Condado","21061",23.32
2020,"Tasa de paro","Rosal de la Frontera","21062",26.06
2020,"Tasa de paro","San Bartolomé de la Torre","21063",17.92
2020,"Tasa de paro","San Juan del Puerto","21064",22.74
2020,"Tasa de paro","Sanlúcar de Guadiana","21065",24.86
2020,"Tasa de paro","San Silvestre de Guzmán","21066",20.76
2020,"Tasa de paro","Santa Ana la Real","21067",28.23
2020,"Tasa de paro","Santa Bárbara de Casa","21068",25.93
2020,"Tasa de paro","Santa Olalla del Cala","21069",28.87
2020,"Tasa de paro","Trigueros","21070",25.01
2020,"Tasa de paro","Valdelarco","21071",25.97
2020,"Tasa de paro","Valverde del Camino","21072",24.22
2020,"Tasa de paro","Villablanca","21073",16.93
2020,"Tasa de paro","Villalba del Alcor","21074",29.99
2020,"Tasa de paro","Villanueva de las Cruces","21075",23.11
2020,"Tasa de paro","Villanueva de los Castillejos","21076",19
2020,"Tasa de paro","Villarrasa","21077",24.3
2020,"Tasa de paro","Zalamea la Real","21078",27.28
2020,"Tasa de paro","Zufre","21079",28.61
2020,"Tasa de paro","Zarza-Perrunal, La","21902",
2020,"Tasa de paro","Albanchez de Mágina","23001",23.46
2020,"Tasa de paro","Alcalá la Real","23002",17.19
2020,"Tasa de paro","Alcaudete","23003",19.91
2020,"Tasa de paro","Aldeaquemada","23004",22.32
2020,"Tasa de paro","Andújar","23005",30.25
2020,"Tasa de paro","Arjona","23006",20.54
2020,"Tasa de paro","Arjonilla","23007",22.2
2020,"Tasa de paro","Arquillos","23008",21.92
2020,"Tasa de paro","Baeza","23009",20.88
2020,"Tasa de paro","Bailén","23010",30.92
2020,"Tasa de paro","Baños de la Encina","23011",27.03
2020,"Tasa de paro","Beas de Segura","23012",21.7
2020,"Tasa de paro","Begíjar","23014",24.56
2020,"Tasa de paro","Bélmez de la Moraleda","23015",26.08
2020,"Tasa de paro","Benatae","23016",15.07
2020,"Tasa de paro","Cabra del Santo Cristo","23017",22.79
2020,"Tasa de paro","Cambil","23018",23.99
2020,"Tasa de paro","Campillo de Arenas","23019",18.82
2020,"Tasa de paro","Canena","23020",16.9
2020,"Tasa de paro","Carboneros","23021",22.74
2020,"Tasa de paro","Carolina, La","23024",35.85
2020,"Tasa de paro","Castellar","23025",20.37
2020,"Tasa de paro","Castillo de Locubín","23026",16.27
2020,"Tasa de paro","Cazalilla","23027",24.84
2020,"Tasa de paro","Cazorla","23028",22.28
2020,"Tasa de paro","Chiclana de Segura","23029",14.56
2020,"Tasa de paro","Chilluévar","23030",22.71
2020,"Tasa de paro","Escañuela","23031",22.45
2020,"Tasa de paro","Espeluy","23032",27.53
2020,"Tasa de paro","Frailes","23033",16.27
2020,"Tasa de paro","Fuensanta de Martos","23034",20.17
2020,"Tasa de paro","Fuerte del Rey","23035",18.76
2020,"Tasa de paro","Génave","23037",20.77
2020,"Tasa de paro","Guardia de Jaén, La","23038",18.74
2020,"Tasa de paro","Guarromán","23039",32.54
2020,"Tasa de paro","Lahiguera","23040",22.22
2020,"Tasa de paro","Higuera de Calatrava","23041",19.06
2020,"Tasa de paro","Hinojares","23042",21.28
2020,"Tasa de paro","Hornos","23043",22.06
2020,"Tasa de paro","Huelma","23044",22.68
2020,"Tasa de paro","Huesa","23045",19.95
2020,"Tasa de paro","Ibros","23046",24.22
2020,"Tasa de paro","Iruela, La","23047",21.39
2020,"Tasa de paro","Iznatoraf","23048",17.09
2020,"Tasa de paro","Jabalquinto","23049",23.46
2020,"Tasa de paro","Jaén","23050",22.37
2020,"Tasa de paro","Jamilena","23051",20.72
2020,"Tasa de paro","Jimena","23052",16.82
2020,"Tasa de paro","Jódar","23053",21.18
2020,"Tasa de paro","Larva","23054",18.48
2020,"Tasa de paro","Linares","23055",32.9
2020,"Tasa de paro","Lopera","23056",23.05
2020,"Tasa de paro","Lupión","23057",24
2020,"Tasa de paro","Mancha Real","23058",18.57
2020,"Tasa de paro","Marmolejo","23059",23.88
2020,"Tasa de paro","Martos","23060",19.02
2020,"Tasa de paro","Mengíbar","23061",27.2
2020,"Tasa de paro","Montizón","23062",19.3
2020,"Tasa de paro","Navas de San Juan","23063",19.08
2020,"Tasa de paro","Noalejo","23064",17.57
2020,"Tasa de paro","Orcera","23065",22.77
2020,"Tasa de paro","Peal de Becerro","23066",19.82
2020,"Tasa de paro","Pegalajar","23067",20.14
2020,"Tasa de paro","Porcuna","23069",18.69
2020,"Tasa de paro","Pozo Alcón","23070",28.02
2020,"Tasa de paro","Puente de Génave","23071",19.33
2020,"Tasa de paro","Puerta de Segura, La","23072",22.49
2020,"Tasa de paro","Quesada","23073",20.73
2020,"Tasa de paro","Rus","23074",24.17
2020,"Tasa de paro","Sabiote","23075",20.77
2020,"Tasa de paro","Santa Elena","23076",31.46
2020,"Tasa de paro","Santiago de Calatrava","23077",17.95
2020,"Tasa de paro","Santisteban del Puerto","23079",19.35
2020,"Tasa de paro","Santo Tomé","23080",19.91
2020,"Tasa de paro","Segura de la Sierra","23081",20.93
2020,"Tasa de paro","Siles","23082",21.11
2020,"Tasa de paro","Sorihuela del Guadalimar","23084",24.57
2020,"Tasa de paro","Torreblascopedro","23085",22.96
2020,"Tasa de paro","Torredelcampo","23086",21.28
2020,"Tasa de paro","Torredonjimeno","23087",21.89
2020,"Tasa de paro","Torreperogil","23088",25.58
2020,"Tasa de paro","Torres","23090",13.32
2020,"Tasa de paro","Torres de Albánchez","23091",26.32
2020,"Tasa de paro","Úbeda","23092",25.08
2020,"Tasa de paro","Valdepeñas de Jaén","23093",20.62
2020,"Tasa de paro","Vilches","23094",23.37
2020,"Tasa de paro","Villacarrillo","23095",19.52
2020,"Tasa de paro","Villanueva de la Reina","23096",23.57
2020,"Tasa de paro","Villanueva del Arzobispo","23097",18.57
2020,"Tasa de paro","Villardompardo","23098",21.71
2020,"Tasa de paro","Villares, Los","23099",16.44
2020,"Tasa de paro","Villarrodrigo","23101",25.14
2020,"Tasa de paro","Cárcheles","23901",18.43
2020,"Tasa de paro","Bedmar y Garcíez","23902",17.94
2020,"Tasa de paro","Villatorres","23903",19.46
2020,"Tasa de paro","Santiago-Pontones","23904",18.98
2020,"Tasa de paro","Arroyo del Ojanco","23905",18.47
2020,"Tasa de paro","Alameda","29001",23.08
2020,"Tasa de paro","Alcaucín","29002",26.08
2020,"Tasa de paro","Alfarnate","29003",20.26
2020,"Tasa de paro","Alfarnatejo","29004",27.07
2020,"Tasa de paro","Algarrobo","29005",22.94
2020,"Tasa de paro","Algatocín","29006",29.07
2020,"Tasa de paro","Alhaurín de la Torre","29007",23.19
2020,"Tasa de paro","Alhaurín el Grande","29008",28.74
2020,"Tasa de paro","Almáchar","29009",28.95
2020,"Tasa de paro","Almargen","29010",22.44
2020,"Tasa de paro","Almogía","29011",26.21
2020,"Tasa de paro","Álora","29012",29.8
2020,"Tasa de paro","Alozaina","29013",28.02
2020,"Tasa de paro","Alpandeire","29014",27.94
2020,"Tasa de paro","Antequera","29015",22.52
2020,"Tasa de paro","Árchez","29016",33.33
2020,"Tasa de paro","Archidona","29017",21.17
2020,"Tasa de paro","Ardales","29018",23.36
2020,"Tasa de paro","Arenas","29019",27.25
2020,"Tasa de paro","Arriate","29020",27.39
2020,"Tasa de paro","Atajate","29021",29.21
2020,"Tasa de paro","Benadalid","29022",26.88
2020,"Tasa de paro","Benahavís","29023",13.28
2020,"Tasa de paro","Benalauría","29024",22.34
2020,"Tasa de paro","Benalmádena","29025",25.45
2020,"Tasa de paro","Benamargosa","29026",19.59
2020,"Tasa de paro","Benamocarra","29027",20.22
2020,"Tasa de paro","Benaoján","29028",36.11
2020,"Tasa de paro","Benarrabá","29029",21.26
2020,"Tasa de paro","Borge, El","29030",28.93
2020,"Tasa de paro","Burgo, El","29031",31.42
2020,"Tasa de paro","Campillos","29032",25.68
2020,"Tasa de paro","Canillas de Aceituno","29033",26.08
2020,"Tasa de paro","Canillas de Albaida","29034",27.28
2020,"Tasa de paro","Cañete la Real","29035",27.74
2020,"Tasa de paro","Carratraca","29036",27.67
2020,"Tasa de paro","Cartajima","29037",25.49
2020,"Tasa de paro","Cártama","29038",22.83
2020,"Tasa de paro","Casabermeja","29039",19.04
2020,"Tasa de paro","Casarabonela","29040",24.65
2020,"Tasa de paro","Casares","29041",20.51
2020,"Tasa de paro","Coín","29042",26.99
2020,"Tasa de paro","Colmenar","29043",25.04
2020,"Tasa de paro","Comares","29044",22.8
2020,"Tasa de paro","Cómpeta","29045",29.97
2020,"Tasa de paro","Cortes de la Frontera","29046",32.35
2020,"Tasa de paro","Cuevas Bajas","29047",21.74
2020,"Tasa de paro","Cuevas del Becerro","29048",30.33
2020,"Tasa de paro","Cuevas de San Marcos","29049",22.25
2020,"Tasa de paro","Cútar","29050",20.81
2020,"Tasa de paro","Estepona","29051",23.74
2020,"Tasa de paro","Faraján","29052",22.43
2020,"Tasa de paro","Frigiliana","29053",26.13
2020,"Tasa de paro","Fuengirola","29054",27.96
2020,"Tasa de paro","Fuente de Piedra","29055",23.28
2020,"Tasa de paro","Gaucín","29056",22.88
2020,"Tasa de paro","Genalguacil","29057",32.95
2020,"Tasa de paro","Guaro","29058",31.06
2020,"Tasa de paro","Humilladero","29059",24.91
2020,"Tasa de paro","Igualeja","29060",18.88
2020,"Tasa de paro","Istán","29061",19
2020,"Tasa de paro","Iznate","29062",24.84
2020,"Tasa de paro","Jimera de Líbar","29063",25.85
2020,"Tasa de paro","Jubrique","29064",30.21
2020,"Tasa de paro","Júzcar","29065",17.21
2020,"Tasa de paro","Macharaviaya","29066",19.02
2020,"Tasa de paro","Málaga","29067",27.39
2020,"Tasa de paro","Manilva","29068",24.44
2020,"Tasa de paro","Marbella","29069",23.14
2020,"Tasa de paro","Mijas","29070",25.13
2020,"Tasa de paro","Moclinejo","29071",27.32
2020,"Tasa de paro","Mollina","29072",21.95
2020,"Tasa de paro","Monda","29073",30.13
2020,"Tasa de paro","Montejaque","29074",28.59
2020,"Tasa de paro","Nerja","29075",32.45
2020,"Tasa de paro","Ojén","29076",22.76
2020,"Tasa de paro","Parauta","29077",15.53
2020,"Tasa de paro","Periana","29079",27.67
2020,"Tasa de paro","Pizarra","29080",26.71
2020,"Tasa de paro","Pujerra","29081",15.4
2020,"Tasa de paro","Rincón de la Victoria","29082",20.59
2020,"Tasa de paro","Riogordo","29083",23.01
2020,"Tasa de paro","Ronda","29084",27.79
2020,"Tasa de paro","Salares","29085",29.26
2020,"Tasa de paro","Sayalonga","29086",29.95
2020,"Tasa de paro","Sedella","29087",27.25
2020,"Tasa de paro","Sierra de Yeguas","29088",22.65
2020,"Tasa de paro","Teba","29089",25.8
2020,"Tasa de paro","Tolox","29090",26.41
2020,"Tasa de paro","Torrox","29091",27.92
2020,"Tasa de paro","Totalán","29092",27.06
2020,"Tasa de paro","Valle de Abdalajís","29093",28.54
2020,"Tasa de paro","Vélez-Málaga","29094",24.15
2020,"Tasa de paro","Villanueva de Algaidas","29095",19.2
2020,"Tasa de paro","Villanueva del Rosario","29096",25.77
2020,"Tasa de paro","Villanueva del Trabuco","29097",22.92
2020,"Tasa de paro","Villanueva de Tapia","29098",20.86
2020,"Tasa de paro","Viñuela","29099",24.4
2020,"Tasa de paro","Yunquera","29100",34.28
2020,"Tasa de paro","Torremolinos","29901",27.17
2020,"Tasa de paro","Villanueva de la Concepción","29902",20.36
2020,"Tasa de paro","Montecorto","29903",25.66
2020,"Tasa de paro","Serrato","29904",31.46
2020,"Tasa de paro","Aguadulce","41001",23.15
2020,"Tasa de paro","Alanís","41002",30.98
2020,"Tasa de paro","Albaida del Aljarafe","41003",26.42
2020,"Tasa de paro","Alcalá de Guadaíra","41004",28.86
2020,"Tasa de paro","Alcalá del Río","41005",24.97
2020,"Tasa de paro","Alcolea del Río","41006",23.93
2020,"Tasa de paro","Algaba, La","41007",30.21
2020,"Tasa de paro","Algámitas","41008",29.43
2020,"Tasa de paro","Almadén de la Plata","41009",30.22
2020,"Tasa de paro","Almensilla","41010",25.28
2020,"Tasa de paro","Arahal","41011",23.14
2020,"Tasa de paro","Aznalcázar","41012",26.51
2020,"Tasa de paro","Aznalcóllar","41013",31.51
2020,"Tasa de paro","Badolatosa","41014",23.01
2020,"Tasa de paro","Benacazón","41015",26.32
2020,"Tasa de paro","Bollullos de la Mitación","41016",23.63
2020,"Tasa de paro","Bormujos","41017",22.09
2020,"Tasa de paro","Brenes","41018",23.4
2020,"Tasa de paro","Burguillos","41019",28.34
2020,"Tasa de paro","Cabezas de San Juan, Las","41020",34.34
2020,"Tasa de paro","Camas","41021",31.8
2020,"Tasa de paro","Campana, La","41022",23.65
2020,"Tasa de paro","Cantillana","41023",24.09
2020,"Tasa de paro","Carmona","41024",26.89
2020,"Tasa de paro","Carrión de los Céspedes","41025",25.2
2020,"Tasa de paro","Casariche","41026",25.1
2020,"Tasa de paro","Castilblanco de los Arroyos","41027",31.76
2020,"Tasa de paro","Castilleja de Guzmán","41028",22.45
2020,"Tasa de paro","Castilleja de la Cuesta","41029",25.2
2020,"Tasa de paro","Castilleja del Campo","41030",25.26
2020,"Tasa de paro","Castillo de las Guardas, El","41031",27.82
2020,"Tasa de paro","Cazalla de la Sierra","41032",27.94
2020,"Tasa de paro","Constantina","41033",27.73
2020,"Tasa de paro","Coria del Río","41034",28.14
2020,"Tasa de paro","Coripe","41035",20.1
2020,"Tasa de paro","Coronil, El","41036",26.86
2020,"Tasa de paro","Corrales, Los","41037",24.34
2020,"Tasa de paro","Dos Hermanas","41038",26.91
2020,"Tasa de paro","Écija","41039",27.9
2020,"Tasa de paro","Espartinas","41040",19.37
2020,"Tasa de paro","Estepa","41041",21.75
2020,"Tasa de paro","Fuentes de Andalucía","41042",24.05
2020,"Tasa de paro","Garrobo, El","41043",30.43
2020,"Tasa de paro","Gelves","41044",22.9
2020,"Tasa de paro","Gerena","41045",29.02
2020,"Tasa de paro","Gilena","41046",19.45
2020,"Tasa de paro","Gines","41047",21.36
2020,"Tasa de paro","Guadalcanal","41048",26.71
2020,"Tasa de paro","Guillena","41049",31.22
2020,"Tasa de paro","Herrera","41050",19.05
2020,"Tasa de paro","Huévar del Aljarafe","41051",23.19
2020,"Tasa de paro","Lantejuela","41052",24.82
2020,"Tasa de paro","Lebrija","41053",28.81
2020,"Tasa de paro","Lora de Estepa","41054",22.83
2020,"Tasa de paro","Lora del Río","41055",25.59
2020,"Tasa de paro","Luisiana, La","41056",24.74
2020,"Tasa de paro","Madroño, El","41057",20.54
2020,"Tasa de paro","Mairena del Alcor","41058",26.1
2020,"Tasa de paro","Mairena del Aljarafe","41059",22.34
2020,"Tasa de paro","Marchena","41060",26.1
2020,"Tasa de paro","Marinaleda","41061",19.31
2020,"Tasa de paro","Martín de la Jara","41062",24.3
2020,"Tasa de paro","Molares, Los","41063",31.26
2020,"Tasa de paro","Montellano","41064",26.46
2020,"Tasa de paro","Morón de la Frontera","41065",27.68
2020,"Tasa de paro","Navas de la Concepción, Las","41066",25.44
2020,"Tasa de paro","Olivares","41067",30.35
2020,"Tasa de paro","Osuna","41068",28.11
2020,"Tasa de paro","Palacios y Villafranca, Los","41069",29.33
2020,"Tasa de paro","Palomares del Río","41070",19.67
2020,"Tasa de paro","Paradas","41071",24.98
2020,"Tasa de paro","Pedrera","41072",22.58
2020,"Tasa de paro","Pedroso, El","41073",31.39
2020,"Tasa de paro","Peñaflor","41074",22.2
2020,"Tasa de paro","Pilas","41075",25.47
2020,"Tasa de paro","Pruna","41076",29.9
2020,"Tasa de paro","Puebla de Cazalla, La","41077",26.39
2020,"Tasa de paro","Puebla de los Infantes, La","41078",24.77
2020,"Tasa de paro","Puebla del Río, La","41079",31.81
2020,"Tasa de paro","Real de la Jara, El","41080",30.15
2020,"Tasa de paro","Rinconada, La","41081",28.2
2020,"Tasa de paro","Roda de Andalucía, La","41082",21.6
2020,"Tasa de paro","Ronquillo, El","41083",27.04
2020,"Tasa de paro","Rubio, El","41084",24.75
2020,"Tasa de paro","Salteras","41085",24.13
2020,"Tasa de paro","San Juan de Aznalfarache","41086",32.9
2020,"Tasa de paro","Sanlúcar la Mayor","41087",27.59
2020,"Tasa de paro","San Nicolás del Puerto","41088",31.85
2020,"Tasa de paro","Santiponce","41089",29.93
2020,"Tasa de paro","Saucejo, El","41090",25.94
2020,"Tasa de paro","Sevilla","41091",26.57
2020,"Tasa de paro","Tocina","41092",22.92
2020,"Tasa de paro","Tomares","41093",18.65
2020,"Tasa de paro","Umbrete","41094",24.04
2020,"Tasa de paro","Utrera","41095",33.97
2020,"Tasa de paro","Valencina de la Concepción","41096",26.19
2020,"Tasa de paro","Villamanrique de la Condesa","41097",22.57
2020,"Tasa de paro","Villanueva del Ariscal","41098",30.01
2020,"Tasa de paro","Villanueva del Río y Minas","41099",32
2020,"Tasa de paro","Villanueva de San Juan","41100",29.95
2020,"Tasa de paro","Villaverde del Río","41101",23.98
2020,"Tasa de paro","Viso del Alcor, El","41102",26.7
2020,"Tasa de paro","Cañada Rosal","41901",22.65
2020,"Tasa de paro","Isla Mayor","41902",25.36
2020,"Tasa de paro","Cuervo de Sevilla, El","41903",32.26
2020,"Tasa de paro","Palmar de Troya, El","41904",
